68
200 200 50 50
250 250 100 100
450 450 300 300
500 500 350 350
350 400 150 200
300 350 200 250
200 300 50 150
250 350 100 200
200 150 400 350
350 300 250 200
300 200 150 50
350 250 200 100
400 200 250 50
450 250 300 100
450 300 300 150
500 350 350 200
550 450 400 300
600 500 450 350
600 550 450 400
500 250 350 100
550 300 400 150
650 450 500 300
700 500 550 350
700 550 550 400
450 550 300 400
200 400 50 250
250 450 100 300
300 450 150 300
350 500 200 350
200 500 50 350
250 550 100 400
250 500 100 350
300 550 150 400
200 550 50 400
150 550 50 450
100 550 50 500
50 550 50 550
50 100 100 150
50 200 100 250
50 300 50 300
350 550 300 500
400 550 400 550
500 550 400 450
550 550 550 550
650 550 650 550
100 50 150 100
200 50 250 100
300 50 300 50
500 200 350 50
550 250 400 100
750 450 600 300
750 500 600 350
750 550 750 550
400 50 500 150
700 350 550 200
750 400 600 250
500 100 450 50
700 300 550 150
750 350 600 200
500 50 500 50
700 250 550 100
750 300 600 150
700 200 550 50
750 250 600 100
750 200 600 50
750 150 650 50
750 50 750 50
750 100 700 50
