46
50 500 500 50
50 550 550 50
600 50 100 550
650 50 150 550
700 50 200 550
750 50 250 550
750 100 300 550
750 150 350 550
750 200 400 550
750 250 450 550
750 300 500 550
750 400 600 550
750 450 650 550
750 500 700 550
450 50 50 450
400 50 50 400
350 50 50 350
300 50 50 300
250 50 50 250
200 50 50 200
100 50 50 100
550 550 50 50
600 550 100 50
650 550 150 50
50 150 150 50
750 550 250 50
200 50 700 550
300 50 750 500
350 50 750 450
400 50 750 400
550 550 750 350
450 50 750 350
750 300 500 50
750 250 550 50
750 200 600 50
750 150 650 50
750 100 700 50
500 550 50 100
450 550 50 150
400 550 50 200
350 550 50 250
300 550 50 300
250 550 50 350
200 550 50 400
150 550 50 450
100 550 50 500
